132 124
0 0 2 2 0 0 3 3 2 1 2 2 2 2 1 0 0 3 0 0 0 0 1 0 2 0 0 1 0 1 1 1 2 0 0 0 2 2 0 0 1 0 2 0 0 1 1 1 1 0 1 2 2 2 0 1 2 3 2 1 2 0 1 2 2 2 2 0 2 0 0 0 2 0 3 1 2 0 2 0 0 1 2 2 0 2 1 0 2 2 2 1 1 0 0 0 0 0 0 3 1 2 2 1 0 0 2 1 2 2 1 2 0 0 0 1 0 1 2 0 1 0 1 2 0 0 2 1 0 0 1 0
1 0 0 0 1 2 2 0 3 0 0 0 3 0 2 0 1 0 0 0 2 2 2 0 2 0 2 2 0 3 2 0 0 1 0 0 2 0 2 1 1 0 2 0 1 0 0 1 0 0 1 1 0 0 2 2 0 0 1 0 0 2 1 2 3 0 0 2 2 0 1 3 0 1 3 0 0 2 1 0 0 0 0 2 0 1 0 2 0 0 2 0 2 0 0 0 1 0 1 2 1 0 1 0 0 1 0 0 1 2 1 0 1 0 0 2 2 1 0 2 2 0 0 0 0 0 0 1 0 1 2 0
0 1 0 1 2 2 2 0 0 3 0 2 2 0 2 0 2 0 2 0 0 0 0 1 0 0 0 1 0 0 2 0 0 2 0 0 0 0 0 0 0 0 1 0 1 0 0 0 0 0 0 0 0 2 2 1 0 1 3 3 0 1 0 3 0 3 1 1 0 1 2 0 1 0 1 0 1 0 0 0 0 0 15 14 15 14 14 14 15 14 14 15 15 14 14 15 14 14 15 14 14 15 14 15 15 14 15 14 14 15 15 15 15 15 15 15 14 15 14 15 14 14 15 15 14 14 14 15 2 1 0 0
0 2 0 0 2 0 2 0 0 2 0 0 0 0 2 0 0 2 0 1 1 0 2 0 0 0 1 1 1 1 2 2 2 0 0 0 1 0 2 0 1 2 1 0 0 0 0 1 2 0 0 0 0 2 0 2 0 2 0 1 1 2 2 0 2 0 0 0 1 0 2 0 0 0 2 0 0 0 0 2 0 1 15 15 14 15 14 14 15 15 14 14 14 14 15 15 14 14 15 15 15 14 14 14 15 14 14 14 14 14 15 15 14 14 14 15 15 15 15 14 15 14 15 15 15 15 14 14 2 2 0 1
1 2 1 0 0 0 2 0 0 0 0 0 1 2 2 0 0 2 1 0 0 0 1 0 1 1 1 2 1 0 0 1 2 0 1 0 0 0 0 0 1 0 0 2 0 0 0 0 2 0 0 0 2 1 1 1 0 2 0 1 0 0 2 2 2 0 1 1 0 0 1 0 0 0 2 0 0 0 2 3 1 2 14 14 66 66 65 65 65 65 65 65 65 65 65 65 65 65 65 65 65 65 65 65 65 65 65 65 65 65 65 65 65 65 65 65 65 65 65 65 65 65 65 65 66 66 14 14 0 0 1 0
3 2 0 2 0 0 0 2 0 0 2 1 0 1 0 1 0 2 1 0 0 2 0 1 0 2 2 0 2 3 0 2 2 3 0 2 0 0 1 0 0 2 0 0 2 2 1 0 3 0 0 1 0 0 1 2 2 0 2 0 0 2 0 2 0 1 1 2 3 2 0 0 3 2 0 0 0 2 0 0 0 0 15 15 66 66 65 65 65 65 65 65 65 65 65 65 65 65 65 65 65 65 65 65 65 65 65 65 65 65 65 65 65 65 65 65 65 65 65 65 65 65 65 65 66 66 15 15 0 0 0 2
0 1 0 2 1 1 1 1 0 0 1 2 3 2 0 0 0 0 0 1 3 0 0 0 0 1 0 1 0 2 0 0 0 1 1 0 2 2 1 0 1 2 0 0 0 2 0 1 1 1 3 2 0 2 0 0 0 1 1 1 2 2 2 0 0 0 0 0 2 0 0 2 1 2 0 1 2 1 3 2 2 0 14 14 66 66 8 8 8 8 8 8 8 8 8 8 8 8 8 8 8 8 8 8 8 8 8 8 8 8 8 8 8 8 8 8 8 8 8 8 8 8 8 8 66 66 15 14 1 0 2 1
0 0 0 2 0 0 1 2 0 1 3 2 0 2 0 2 1 0 2 0 2 0 1 1 0 0 1 1 0 0 0 0 0 0 2 0 1 0 0 0 0 0 2 0 1 2 0 1 1 2 0 0 2 0 0 0 0 0 0 0 0 0 3 0 2 0 0 2 0 2 2 2 2 0 2 0 2 1 0 2 1 1 14 15 66 66 8 8 8 8 8 8 8 8 8 8 8 8 8 8 8 8 8 8 8 8 8 8 8 8 8 8 8 8 8 8 8 8 8 8 8 8 8 8 66 66 14 15 1 0 2 0
0 0 0 1 0 0 3 2 2 0 0 2 0 0 0 0 1 2 0 0 2 0 3 2 2 0 0 0 0 3 2 0 0 1 0 0 1 3 0 0 1 0 1 2 0 0 0 0 50 51 51 51 51 52 0 0 1 3 1 2 0 0 0 0 3 2 0 0 0 0 1 0 0 0 0 0 1 0 3 0 2 1 14 15 66 66 8 8 50 51 51 51 51 52 50 51 51 51 51 51 51 51 51 51 51 51 51 51 51 51 51 51 51 52 8 8 50 51 51 51 51 52 8 8 66 66 15 14 0 1 2 1
1 3 1 0 2 2 1 1 0 0 0 0 0 2 3 1 2 0 1 2 0 1 0 2 0 0 0 0 1 0 1 3 1 2 0 1 0 0 0 0 0 0 0 0 1 1 0 0 53 54 54 54 54 55 0 0 1 0 0 1 1 0 2 1 0 0 0 1 1 0 1 2 0 1 2 1 0 0 1 0 1 0 14 14 66 66 8 8 53 54 54 54 54 55 53 54 54 54 54 54 54 54 54 54 54 54 54 54 54 54 54 54 54 55 8 8 53 54 54 54 54 55 8 8 66 66 14 15 2 1 0 1
2 0 0 0 0 3 0 0 0 3 3 0 0 0 0 1 1 3 1 3 1 0 1 1 1 2 0 2 1 1 0 1 1 1 0 2 0 1 1 1 0 3 0 0 2 2 0 0 53 54 54 54 54 55 0 0 0 0 0 0 0 0 1 3 2 1 0 3 2 2 3 0 0 0 0 1 0 0 0 0 0 2 15 14 66 66 8 8 53 54 54 54 54 55 53 54 54 54 54 54 54 54 54 54 54 54 54 54 54 54 54 54 54 55 8 8 53 54 54 54 54 55 8 8 66 66 14 15 0 1 1 0
1 1 0 0 1 2 0 0 2 0 0 0 0 0 0 2 2 0 2 0 0 1 2 1 0 0 0 0 2 0 0 1 0 2 2 1 0 0 0 1 2 0 3 0 3 0 2 0 56 57 57 57 57 58 0 0 0 1 1 0 0 0 0 0 1 0 2 0 0 0 0 0 0 0 1 0 0 0 2 0 0 0 15 14 66 66 8 8 56 57 57 57 57 58 56 57 57 57 57 57 57 57 57 57 57 57 57 57 57 57 57 57 57 58 8 8 56 57 57 57 57 58 8 8 66 66 14 14 1 0 0 0
40 40 40 0 42 2 2 1 0 40 0 40 41 40 0 0 41 41 1 41 40 1 40 40 40 40 41 40 41 40 40 41 40 40 0 40 0 41 41 0 0 0 0 1 0 0 0 0 59 59 60 60 59 59 0 0 0 0 1 0 0 1 2 2 1 0 1 0 0 0 0 0 2 0 0 0 2 0 0 0 3 0 15 15 66 66 8 8 59 59 60 60 59 59 63 63 63 63 63 63 63 63 63 63 63 63 63 63 63 63 63 63 63 63 8 8 59 59 60 60 59 59 8 8 66 66 15 15 0 0 1 1
0 0 40 42 42 2 40 1 40 40 1 41 0 41 0 1 41 1 0 0 40 0 41 0 40 0 0 41 42 0 40 40 0 41 0 40 41 1 41 41 40 0 0 1 0 2 0 0 59 59 60 60 59 59 0 0 3 1 2 0 0 2 3 0 2 3 0 0 3 2 0 0 0 2 0 0 2 0 2 1 0 1 14 15 66 66 8 8 59 59 60 60 59 59 63 63 63 63 63 63 63 63 63 63 63 63 63 63 63 63 63 63 63 63 8 8 59 59 60 60 59 59 8 8 66 66 14 14 2 0 2 0
41 0 40 2 40 0 0 42 40 40 40 1 40 2 41 1 0 3 40 40 1 40 40 40 2 2 2 40 40 0 0 40 40 1 41 0 0 0 40 0 0 0 1 2 1 1 0 2 59 59 62 62 59 59 0 0 2 1 0 0 0 0 2 1 1 0 1 0 0 0 0 0 2 1 2 1 3 0 0 0 0 0 14 15 66 66 8 8 59 59 62 62 59 59 63 63 63 63 63 63 63 63 63 63 63 63 63 63 63 63 63 63 63 63 8 8 59 59 62 62 59 59 8 8 66 66 15 15 0 1 0 0
40 41 0 41 1 40 0 41 40 0 40 0 40 41 40 0 40 2 41 41 40 40 42 40 40 41 41 0 40 0 40 40 40 2 1 0 40 2 40 2 1 0 0 0 1 0 0 0 59 59 62 62 59 59 0 1 1 0 0 0 3 2 0 0 1 1 1 0 0 1 0 0 3 0 1 0 1 0 0 0 2 1 14 14 66 66 8 8 59 59 62 62 59 59 63 63 63 63 63 63 63 63 63 63 63 63 63 63 63 63 63 63 63 63 8 8 59 59 62 62 59 59 8 8 66 66 15 15 1 2 2 1
1 0 42 0 2 40 2 42 2 0 41 40 2 41 42 41 40 42 40 40 41 42 0 40 3 2 0 0 41 40 40 40 41 40 1 40 40 41 2 0 43 0 2 0 0 1 3 0 3 2 0 0 0 2 2 0 0 1 0 0 0 0 0 1 1 0 1 1 0 0 0 0 0 1 2 1 1 3 0 0 0 0 14 15 66 66 8 8 63 63 63 63 63 63 63 63 63 63 63 63 63 63 63 63 64 64 63 63 63 63 63 63 63 63 8 8 8 8 8 8 8 8 8 8 66 66 15 14 0 0 2 0
0 42 40 41 42 40 40 0 40 0 42 1 0 0 0 40 40 40 40 0 41 41 41 40 40 41 3 40 1 40 40 40 40 2 0 0 0 40 1 0 2 43 0 0 2 0 0 0 0 0 0 1 1 0 0 0 2 0 1 2 0 3 0 3 1 0 0 0 0 0 2 0 0 0 0 1 0 1 0 1 2 1 14 14 66 66 8 8 63 63 63 63 63 63 63 63 63 63 63 63 63 63 63 63 64 64 63 63 63 63 63 63 63 63 8 8 8 8 8 8 8 8 8 8 66 66 14 14 0 2 0 3
40 41 40 1 1 40 41 41 40 40 41 2 40 40 1 0 41 1 41 0 40 40 1 40 42 1 40 1 0 41 40 40 40 1 1 3 2 0 0 40 0 0 1 3 0 0 0 0 2 0 1 1 1 1 0 2 2 1 2 0 2 0 0 0 0 2 1 0 0 0 0 1 3 0 1 0 0 0 0 2 1 0 14 14 66 66 8 8 8 8 8 8 8 8 8 8 8 8 8 8 8 8 8 8 8 8 8 8 8 8 8 8 8 8 8 8 8 8 8 8 8 8 8 8 66 66 14 15 1 0 2 3
40 41 1 40 2 40 40 41 40 40 1 0 2 40 40 40 40 42 2 2 40 0 0 41 40 41 40 41 40 40 40 2 1 40 42 41 40 0 0 41 40 49 0 2 0 1 0 0 3 0 0 0 1 0 0 0 2 0 2 2 1 2 0 0 1 2 2 0 0 0 1 2 2 0 3 0 2 0 0 1 0 2 15 14 66 66 8 8 8 8 8 8 8 8 8 8 8 8 8 8 8 8 8 8 8 8 8 8 8 8 8 8 8 8 8 8 8 8 8 8 8 8 8 8 66 66 14 14 0 0 2 0
40 0 40 40 50 51 51 51 51 52 4 4 0 0 3 41 42 40 0 0 40 2 1 40 41 42 40 40 1 0 0 40 0 1 1 41 41 1 0 1 3 0 2 43 1 3 0 0 2 0 0 1 0 2 1 1 12 11 12 11 12 11 12 11 11 11 11 12 11 11 11 12 11 11 11 11 11 11 11 11 2 2 15 14 66 66 8 8 8 8 8 8 8 8 8 8 8 8 8 8 8 8 8 8 8 8 8 8 8 8 8 8 8 8 8 8 8 8 8 8 8 8 8 8 66 66 15 15 1 3 0 3
0 40 40 0 53 54 54 54 54 55 5 4 0 40 0 40 40 0 1 41 0 42 40 2 40 40 41 0 40 0 2 40 40 40 0 40 40 41 0 0 40 0 0 43 0 49 0 0 2 0 2 0 2 1 0 1 12 12 11 11 12 12 11 12 11 12 12 12 12 12 12 11 11 12 12 11 11 12 12 12 0 0 15 15 66 66 8 8 8 38 8 38 8 8 8 8 8 8 8 8 8 8 8 8 8 8 8 8 8 8 8 8 8 8 8 8 8 8 8 38 8 8 8 8 66 66 14 14 1 2 1 0
0 41 3 1 53 54 54 54 54 55 4 5 41 1 40 41 41 40 0 40 0 41 41 40 40 40 1 2 41 40 0 0 1 0 40 0 40 2 40 0 0 0 1 49 0 1 1 43 0 0 0 1 0 2 0 0 12 12 11 11 11 11 11 11 11 11 12 11 12 12 12 11 12 11 12 11 11 12 11 12 0 0 14 15 66 66 8 8 8 8 8 8 8 8 8 8 8 8 8 8 8 8 8 8 8 8 8 8 8 8 8 8 8 8 8 8 8 8 8 8 8 8 8 8 66 66 15 14 0 0 1 0
41 40 0 41 56 57 57 57 57 58 4 4 40 0 40 42 0 40 41 40 3 40 0 0 1 0 2 41 40 0 2 40 40 40 41 41 1 0 40 0 3 2 0 0 0 0 43 0 0 2 1 0 2 1 0 2 12 12 11 11 12 11 11 11 11 12 12 11 12 11 11 12 11 12 11 11 11 11 11 11 1 0 15 14 66 66 8 8 8 8 8 8 8 8 8 8 8 8 8 8 8 8 8 8 8 8 8 8 8 8 8 8 8 8 8 8 8 8 8 8 8 8 8 8 66 66 14 14 3 3 0 1
2 41 1 40 59 59 60 60 59 59 4 5 40 0 41 2 41 1 0 0 40 40 40 0 41 40 40 40 1 0 2 42 2 41 41 40 0 0 42 40 0 0 0 0 0 3 0 0 1 1 0 2 2 0 0 0 12 12 11 11 12 12 12 11 12 11 12 11 12 12 11 12 12 11 12 12 12 12 12 11 0 0 15 14 66 66 65 65 65 65 65 65 65 65 65 65 65 65 65 65 65 65 18 18 65 65 65 65 65 65 65 65 65 65 65 65 65 65 65 65 65 65 65 65 66 66 15 15 2 2 0 0
2 0 1 40 59 59 60 60 59 59 5 4 0 41 0 40 0 40 42 0 40 41 0 0 40 41 2 40 0 41 0 40 0 40 41 40 2 40 1 0 3 0 0 0 45 0 1 0 0 0 0 0 1 2 2 0 11 12 12 12 11 12 12 12 12 12 11 11 11 11 11 11 11 11 11 12 12 12 12 12 0 3 15 15 66 66 65 65 65 65 65 65 65 65 65 65 65 65 65 65 65 65 18 18 65 65 65 65 65 65 65 65 65 65 65 65 65 65 65 65 65 65 65 65 66 66 14 14 1 0 0 0
42 41 41 1 59 59 62 62 59 59 4 5 41 0 0 42 0 40 40 40 1 0 41 0 0 40 40 40 0 40 40 0 0 0 2 1 0 40 0 2 40 0 0 1 0 2 3 0 0 0 1 0 2 0 1 0 11 11 11 12 12 12 11 11 12 12 12 11 11 11 12 11 12 11 11 12 12 11 12 11 0 2 14 14 15 15 14 15 14 15 14 14 15 15 15 14 14 15 14 15 14 15 18 18 14 14 14 14 15 15 15 14 14 15 14 15 15 14 14 15 15 14 14 15 14 14 14 14 0 0 1 0
2 40 40 40 59 59 62 62 59 59 4 4 40 40 40 42 40 0 40 40 2 0 40 2 1 0 0 0 0 40 40 42 40 0 0 0 2 0 2 40 1 3 0 0 1 0 0 1 0 1 0 1 2 0 1 0 12 12 12 12 11 12 11 12 12 12 11 12 11 12 11 12 11 11 12 12 11 12 12 11 1 1 15 15 15 15 14 14 14 14 14 14 14 14 15 15 14 15 14 14 14 15 18 18 15 15 14 15 14 14 14 14 15 15 15 15 14 15 15 14 15 15 15 15 15 14 15 15 2 0 2 2
1 41 40 40 4 4 4 4 4 4 4 4 41 40 41 1 3 0 40 40 40 40 40 0 41 2 40 0 1 2 1 0 40 41 40 40 41 0 1 0 0 0 0 3 2 2 3 0 2 1 0 0 1 49 0 1 0 0 2 2 50 51 51 51 51 51 51 52 1 0 1 0 50 51 51 51 51 51 51 52 0 1 0 0 1 0 0 2 0 1 2 1 0 1 1 2 0 0 1 0 0 1 6 7 2 1 0 2 1 0 1 2 0 2 2 0 0 0 1 0 0 3 2 0 0 0 0 0 0 0 2 0
40 41 41 0 5 4 4 4 4 4 4 4 42 41 2 40 0 40 0 40 40 40 41 2 1 40 42 41 40 1 41 40 41 2 40 0 2 0 1 0 0 0 0 0 0 0 0 0 0 0 0 0 0 2 0 0 1 0 0 0 53 54 54 54 54 54 54 55 1 2 2 3 53 54 54 54 54 54 54 55 2 3 1 2 0 2 1 0 0 0 1 2 0 2 1 2 0 0 1 2 1 3 6 6 0 0 0 1 0 2 3 3 0 3 2 2 0 0 0 0 1 0 1 0 3 2 1 0 2 0 1 0
41 41 2 40 40 40 41 0 41 1 40 0 40 41 0 41 3 41 40 41 40 40 40 41 41 40 40 40 40 40 41 41 40 40 40 0 40 41 40 0 2 2 0 49 0 2 0 1 3 2 0 0 0 3 0 0 0 2 0 2 53 54 54 54 54 54 54 55 3 1 2 1 53 54 54 54 54 54 54 55 1 2 0 0 0 0 2 0 3 0 0 2 0 3 0 2 0 0 2 0 0 0 7 6 0 3 0 1 2 0 2 0 2 1 1 2 0 0 0 2 2 1 0 3 0 0 0 0 0 0 0 0
40 40 40 41 40 1 3 40 2 0 40 41 40 40 40 0 40 2 42 0 40 41 40 40 41 0 42 41 0 40 40 1 40 41 41 40 0 1 2 3 0 2 0 1 43 43 0 0 2 39 0 0 0 0 2 1 0 2 0 0 56 57 57 57 57 57 57 58 0 0 0 0 56 57 57 57 57 57 57 58 0 0 0 0 2 0 0 0 0 0 0 0 1 0 0 0 2 0 0 0 2 0 7 6 0 2 1 0 0 0 0 2 0 0 0 2 0 2 2 0 1 0 0 0 1 0 0 0 2 0 0 0
40 0 41 40 40 41 41 40 0 2 5 4 4 4 4 4 4 4 4 4 4 5 4 4 4 4 4 4 4 5 1 40 1 40 40 40 42 42 0 2 43 2 1 0 2 2 0 43 0 43 3 0 1 0 1 1 0 0 1 2 59 59 60 60 59 59 60 60 1 0 2 0 59 59 60 60 59 59 60 60 0 0 0 0 0 1 9 9 9 9 9 9 9 9 9 9 9 9 9 9 9 9 9 9 9 9 9 9 9 9 9 9 0 1 0 0 2 0 0 0 0 1 0 0 0 0 2 0 0 0 0 0
40 41 40 41 2 41 0 41 41 40 4 4 5 4 5 4 4 4 4 46 5 4 4 4 4 4 4 4 4 4 1 40 42 40 41 2 1 40 2 1 1 43 1 1 0 0 0 43 2 43 0 0 0 2 0 1 0 2 1 0 59 59 60 60 59 59 60 60 0 2 0 0 59 59 60 60 59 59 60 60 0 1 2 0 0 2 9 9 9 9 9 9 9 9 9 34 9 9 9 9 9 9 9 9 9 9 9 9 9 9 9 9 2 0 1 0 0 2 2 1 0 0 0 0 2 2 0 0 2 0 1 0
40 40 0 0 0 3 40 40 41 41 4 4 4 4 5 4 4 4 4 4 4 4 4 4 4 4 4 4 4 5 0 0 1 1 0 0 41 0 0 0 0 1 0 0 2 0 2 1 2 0 0 0 2 0 44 2 47 47 2 0 59 59 62 62 59 59 62 62 1 0 3 0 59 59 62 62 59 59 62 62 47 47 1 1 0 0 9 9 50 51 51 51 51 51 51 51 51 51 51 51 51 51 51 52 9 9 9 9 9 9 9 9 1 0 1 0 0 2 2 0 0 2 2 2 0 0 2 0 1 1 0 0
0 0 3 0 0 40 0 40 3 2 4 4 4 46 5 4 4 4 4 4 4 4 4 4 4 46 4 5 4 4 2 40 1 0 40 0 41 1 40 0 2 0 1 2 43 43 0 0 0 1 0 2 1 0 1 0 47 47 1 2 59 59 62 62 59 59 62 62 0 0 2 0 59 59 62 62 59 59 62 62 47 47 0 0 0 1 9 9 53 54 54 54 54 54 54 54 54 54 54 54 54 54 54 55 9 9 9 9 9 9 9 9 2 0 0 0 0 0 0 0 2 0 0 0 1 2 0 0 0 0 0 1
40 42 2 42 42 2 0 40 41 40 4 4 4 4 4 4 4 4 4 4 4 4 4 4 4 4 4 4 4 4 40 41 41 0 40 40 0 40 42 40 2 0 0 0 1 1 0 2 0 0 0 0 2 0 0 0 47 47 1 3 8 8 8 8 8 8 8 8 8 8 8 8 8 8 8 8 8 8 8 8 47 47 2 0 2 0 9 9 53 54 54 54 54 54 54 54 54 54 54 54 54 54 54 55 9 9 50 51 51 51 51 52 2 0 2 0 2 1 2 1 2 0 0 0 1 3 1 0 2 0 1 0
41 41 2 0 40 2 1 41 41 1 4 4 4 5 4 4 4 4 4 5 4 4 4 5 4 4 4 4 4 4 0 1 40 1 42 42 0 42 41 1 1 0 0 44 1 2 2 0 0 0 1 0 44 2 2 0 47 47 0 1 8 8 8 8 8 8 8 8 8 8 8 8 8 8 8 8 8 8 8 8 47 47 2 0 0 0 9 9 56 57 57 57 57 57 57 57 57 57 57 57 57 57 57 58 9 9 53 54 54 54 54 55 0 0 0 0 0 0 1 0 0 0 0 0 0 0 0 2 0 2 1 0
41 40 40 0 41 41 40 0 42 41 4 4 4 4 4 4 14 14 14 14 14 15 5 4 4 5 4 5 4 4 40 2 1 40 1 2 2 40 0 2 0 41 2 1 2 0 1 1 1 0 0 2 0 43 0 0 47 47 1 1 8 8 8 8 8 8 8 8 8 8 8 8 8 8 8 8 8 8 8 8 47 47 0 0 0 2 9 9 59 59 60 60 59 59 60 60 59 59 60 60 59 59 60 60 9 9 53 54 54 54 54 55 1 2 0 1 2 0 0 0 0 0 2 2 0 0 2 0 0 1 0 0
40 40 0 0 2 0 41 40 42 1 4 5 4 4 5 4 14 14 15 15 14 14 4 4 4 4 5 5 4 4 42 40 40 42 40 0 40 41 0 1 0 1 0 0 0 0 0 2 0 1 2 2 0 43 2 0 47 47 0 0 8 8 8 8 8 8 8 8 8 8 8 8 8 8 8 8 8 8 8 8 47 47 0 0 0 1 9 9 59 59 60 60 59 59 60 60 59 59 60 60 59 59 60 60 9 9 56 57 57 57 57 58 0 0 0 1 0 0 0 0 0 0 0 1 0 0 0 0 0 1 1 0
1 0 40 40 1 40 0 41 0 0 4 5 4 4 5 4 14 14 16 15 14 15 4 4 4 4 6 6 6 6 6 7 6 7 6 6 6 6 6 6 7 6 6 7 6 6 6 6 6 6 6 6 7 6 7 6 6 6 6 7 8 8 8 8 8 8 8 8 8 8 8 8 8 8 8 8 8 8 8 8 2 0 0 0 0 0 9 9 59 59 62 62 59 59 62 62 59 59 62 62 59 59 62 62 9 9 59 59 60 60 59 59 0 3 0 0 1 0 2 0 0 0 2 0 0 0 2 0 2 0 2 0
0 41 40 41 40 0 0 40 1 40 4 46 4 4 4 5 14 14 15 14 15 14 4 4 4 4 6 7 6 6 6 7 6 6 6 7 6 7 6 6 6 7 7 6 6 6 6 6 6 6 6 7 6 6 7 6 7 7 7 7 8 8 8 37 8 37 8 8 8 8 8 8 8 8 8 37 8 37 8 8 1 3 0 0 0 0 9 9 59 59 62 62 59 59 62 62 59 59 62 62 59 59 62 62 9 9 59 59 60 60 59 59 1 2 0 0 0 2 0 0 2 0 2 0 0 0 0 0 2 0 0 0
40 40 0 40 40 40 40 1 0 40 4 5 5 4 4 4 15 15 15 14 14 15 5 4 4 4 7 6 6 6 7 7 6 6 6 6 6 6 6 6 6 6 7 7 6 7 7 7 7 7 7 7 6 6 7 6 6 6 6 7 8 8 8 8 8 8 8 8 8 8 8 8 8 8 8 8 8 8 8 8 7 6 7 7 6 6 9 9 59 59 60 60 59 59 60 60 61 61 60 60 59 59 60 60 9 9 59 59 62 62 59 59 6 6 6 7 7 6 7 6 6 7 6 6 7 6 2 0 1 0 0 0
41 41 40 3 40 2 1 0 0 0 4 4 4 4 4 4 14 15 15 15 15 14 4 4 5 4 7 6 6 7 6 6 7 6 6 6 6 6 7 6 6 7 7 6 7 6 6 6 6 6 6 6 7 6 7 6 6 7 6 6 8 8 8 8 8 8 8 8 8 8 8 8 8 8 8 8 8 8 8 8 7 6 6 7 6 7 9 9 59 59 60 60 59 59 60 60 61 61 60 60 59 59 60 60 9 9 59 59 62 62 59 59 6 7 7 6 6 7 6 7 6 6 6 6 6 7 2 0 0 0 0 0
41 0 41 0 0 0 42 40 0 40 4 4 5 4 4 4 4 4 4 4 4 4 4 5 4 5 4 4 4 5 40 40 2 1 41 2 2 40 1 1 49 1 1 1 0 0 0 44 2 0 0 43 0 1 0 0 50 51 51 52 8 8 8 8 8 8 8 8 8 8 8 8 8 8 8 8 50 51 51 52 0 2 1 0 1 0 9 9 9 9 9 9 9 9 9 9 9 9 9 9 9 9 9 9 9 9 9 9 9 9 9 9 0 0 50 51 51 51 51 52 3 0 0 1 1 2 3 3 0 0 0 0
1 0 41 40 41 41 40 1 40 40 5 4 4 4 5 4 4 4 4 39 4 4 4 4 4 4 4 4 4 4 40 42 0 40 2 41 0 3 3 2 0 2 0 0 0 0 1 0 1 1 0 43 3 44 0 0 56 57 57 58 8 8 8 8 8 8 8 8 8 35 8 8 8 8 8 8 56 57 57 58 0 3 1 1 0 0 9 9 9 9 9 9 9 9 9 9 9 9 9 9 9 9 9 9 9 9 9 9 9 9 9 9 0 0 53 54 54 54 54 55 0 0 0 1 1 0 0 2 1 0 0 0
42 41 2 41 41 0 0 40 0 41 4 4 4 4 4 4 5 4 5 4 4 4 4 4 4 4 4 5 5 4 2 1 41 40 40 40 0 40 41 0 40 2 0 0 49 0 0 0 43 0 43 43 2 0 0 2 59 59 60 60 8 8 8 8 8 8 8 8 8 8 8 8 8 8 8 8 59 59 60 60 0 1 0 0 0 3 9 9 9 9 9 9 9 9 9 9 9 9 9 9 9 9 9 9 9 9 9 9 9 9 9 9 0 0 53 54 54 54 54 55 2 0 0 0 2 1 0 0 2 1 2 0
0 40 3 41 41 40 2 41 41 42 4 5 4 46 5 4 4 5 4 4 4 4 5 4 4 46 4 5 4 4 40 40 0 40 40 2 41 41 40 0 1 0 0 1 0 1 0 0 43 0 2 0 0 0 3 0 59 59 60 60 8 8 8 8 8 8 8 8 8 8 8 8 8 8 8 8 59 59 60 60 0 0 2 2 3 0 9 9 9 9 9 9 9 9 9 9 9 9 9 9 9 9 9 9 9 9 9 9 9 9 9 9 0 1 56 57 57 57 57 58 0 0 2 0 1 0 1 0 1 0 0 2
1 41 40 41 40 40 41 0 40 0 4 4 4 4 5 5 4 5 4 4 4 4 4 4 5 4 4 4 5 4 40 1 2 40 2 40 0 0 0 0 0 0 0 2 0 0 0 0 0 1 0 43 1 0 2 3 1 0 0 2 8 8 8 8 8 8 8 8 8 8 8 8 8 8 8 8 8 8 8 8 0 0 0 2 0 0 9 9 50 51 51 51 51 51 51 51 51 52 9 9 9 9 9 9 9 9 9 9 9 9 9 9 0 0 59 59 60 60 59 59 0 1 1 1 1 0 3 0 0 0 2 0
0 40 41 42 0 40 1 41 1 40 4 5 4 4 4 4 5 4 4 46 4 4 4 4 5 4 4 4 4 4 40 2 0 40 42 41 40 0 1 42 1 0 0 2 1 1 1 0 3 1 43 1 3 3 0 0 2 1 0 0 8 8 8 8 8 8 8 8 8 8 8 8 8 8 8 8 8 8 8 8 1 1 0 0 0 0 9 9 53 54 54 54 54 54 54 54 54 55 9 9 9 36 9 9 9 9 9 9 9 9 9 9 0 2 59 59 60 60 59 59 0 2 2 0 1 0 0 3 1 2 0 0
40 40 1 0 2 42 0 0 40 0 4 4 4 4 4 4 5 4 5 4 4 4 4 4 4 5 4 4 4 5 42 40 40 0 1 40 0 40 41 0 0 0 1 0 0 2 1 1 2 0 0 0 1 1 0 1 1 0 0 0 8 8 8 8 8 8 8 8 8 8 8 8 8 8 8 8 8 8 8 8 0 0 1 2 1 0 9 9 53 54 54 54 54 54 54 54 54 55 9 9 9 9 9 9 9 9 9 9 9 9 9 9 2 2 59 59 62 62 59 59 1 0 0 2 1 0 1 1 0 0 2 1
41 40 41 0 41 0 40 40 40 0 4 4 5 4 4 4 4 4 4 4 5 4 4 4 4 4 4 4 4 4 41 41 40 0 41 40 0 40 2 0 40 0 0 49 0 2 2 0 3 2 0 2 0 2 0 0 2 1 0 0 8 8 8 8 8 8 8 8 8 8 8 8 8 8 8 8 8 8 8 8 2 2 0 0 0 0 9 9 56 57 57 57 57 57 57 57 57 58 9 9 9 9 9 33 9 9 9 33 9 9 9 33 0 0 59 59 62 62 59 59 0 0 0 2 0 0 0 1 2 0 2 0
40 0 0 2 40 40 41 40 40 40 40 42 40 40 40 41 0 41 40 41 41 40 0 42 0 1 41 41 41 3 0 3 2 40 2 40 0 1 0 41 2 3 2 1 0 2 2 3 0 0 45 2 0 0 1 0 1 0 1 2 3 0 0 0 1 0 0 0 6 6 0 0 0 0 0 1 1 2 3 2 1 0 2 2 0 1 9 9 63 63 63 63 63 63 63 63 63 63 9 9 9 9 9 9 9 9 9 9 9 9 9 9 0 1 0 1 0 0 0 0 50 51 51 51 51 52 1 3 1 0 0 1
41 41 41 41 40 40 41 0 0 40 40 0 41 2 40 40 40 41 40 0 40 2 2 0 1 0 2 40 41 0 40 41 40 40 0 0 1 1 2 1 0 0 0 0 0 0 0 2 3 0 2 0 1 0 2 2 0 0 2 0 1 0 1 2 2 0 0 0 7 6 0 2 1 2 0 2 0 2 3 0 0 2 2 1 0 0 9 9 63 63 63 63 63 63 63 63 63 63 9 9 9 9 9 9 9 9 9 9 9 9 9 9 0 1 1 0 0 0 1 0 53 54 54 54 54 55 1 2 0 0 0 2
0 40 40 40 41 40 0 40 40 41 40 0 3 41 0 40 42 40 1 2 40 0 40 41 0 41 40 0 40 40 0 40 0 40 1 41 40 41 42 2 2 41 2 0 0 43 0 1 0 0 0 2 1 49 1 1 2 0 50 51 51 51 51 51 51 52 1 0 6 6 0 0 50 51 51 51 51 51 51 52 2 3 1 2 2 0 9 9 9 9 9 9 9 9 9 9 9 9 9 9 9 9 9 9 9 9 9 9 9 9 9 9 0 0 2 2 0 0 1 0 53 54 54 54 54 55 2 2 2 1 0 1
0 40 40 0 40 40 1 0 41 41 40 2 40 40 40 0 0 0 40 41 40 41 42 41 0 0 40 40 0 40 41 2 40 41 1 40 0 0 2 40 0 2 0 1 43 2 0 1 0 0 0 0 0 2 2 1 2 0 53 54 54 54 54 54 54 55 0 2 7 7 2 0 53 54 54 54 54 54 54 55 0 0 1 0 0 2 9 9 9 9 9 9 9 9 9 9 9 9 9 9 9 9 9 9 9 9 9 9 9 9 9 9 3 1 1 0 0 0 0 1 56 57 57 57 57 58 2 2 2 0 1 2
41 41 41 41 41 40 0 40 0 40 40 40 40 41 40 41 41 0 40 42 40 40 0 0 41 40 41 0 50 51 51 51 51 52 4 4 4 4 40 0 0 1 1 0 0 49 0 0 0 0 2 2 1 0 1 0 1 0 53 54 54 54 54 54 54 55 0 1 6 6 0 0 53 54 54 54 54 54 54 55 1 0 1 0 0 0 1 0 1 0 0 0 0 0 0 0 0 0 2 1 0 1 1 0 0 0 0 2 1 0 0 1 0 2 2 0 0 2 0 1 59 59 60 60 59 59 1 0 0 2 3 1
3 42 40 40 2 40 0 40 41 41 2 41 0 42 41 2 40 3 0 0 1 0 1 1 42 40 40 41 53 54 54 54 54 55 4 5 4 4 41 3 0 0 1 0 0 1 0 0 2 0 0 0 1 1 2 0 2 0 56 57 57 57 57 57 57 58 0 0 7 6 1 2 56 57 57 57 57 57 57 58 0 1 0 0 2 0 3 0 0 0 1 0 0 1 0 0 2 2 0 0 0 1 0 3 0 2 0 0 1 1 2 1 0 3 0 0 0 1 2 0 59 59 60 60 59 59 1 0 0 0 0 2
41 40 40 41 41 41 40 2 40 0 42 40 40 40 40 40 0 0 0 2 1 42 41 40 40 40 0 0 53 54 54 54 54 55 4 4 4 4 40 0 2 0 0 0 0 1 0 0 43 2 0 0 0 0 0 2 0 0 59 59 60 60 59 59 60 60 1 0 6 6 3 0 59 59 60 60 59 59 60 60 2 0 0 2 0 0 0 0 3 0 0 0 3 2 0 1 0 1 2 0 0 0 1 0 0 0 1 1 1 2 0 0 0 1 0 3 0 1 3 1 59 59 62 62 59 59 0 3 0 0 2 0
40 41 0 0 0 0 41 41 0 0 0 40 41 41 40 40 0 40 0 0 40 0 41 40 41 40 41 2 56 57 57 57 57 58 4 4 5 4 1 0 1 2 2 0 0 0 2 0 0 43 0 0 0 0 0 0 1 2 59 59 60 60 59 59 60 60 2 0 6 6 0 0 59 59 60 60 59 59 60 60 1 2 0 0 3 1 1 0 0 0 0 0 2 0 0 0 0 0 0 0 0 0 0 0 0 1 1 0 0 2 2 1 1 1 0 1 1 0 0 0 59 59 62 62 59 59 0 0 0 0 2 0
40 41 40 1 40 40 41 40 40 40 41 0 1 41 40 0 40 0 1 40 40 40 40 40 0 40 41 41 59 59 60 60 59 59 4 4 4 4 1 2 2 3 0 0 1 0 0 0 0 0 1 3 2 43 1 0 0 0 59 59 62 62 59 59 62 62 2 0 7 6 1 1 59 59 62 62 59 59 62 62 2 0 1 1 1 0 2 0 0 0 2 0 1 3 0 0 1 0 2 0 0 0 2 0 0 1 0 0 0 0 1 0 0 2 2 0 0 0 1 1 1 0 2 0 2 1 0 0 2 0 1 0
41 2 2 40 41 40 0 1 40 41 42 40 40 2 41 40 0 41 0 40 41 1 3 2 2 40 40 2 59 59 60 60 59 59 4 4 4 4 0 0 49 0 0 0 3 0 0 1 2 2 0 2 0 43 2 0 0 2 59 59 62 62 59 59 62 62 0 0 7 7 2 0 59 59 62 62 59 59 62 62 1 2 0 3 1 0 1 0 2 0 0 0 2 0 0 0 0 0 3 0 0 2 0 0 1 1 2 2 0 0 0 0 1 2 0 0 1 2 1 0 1 2 1 1 2 0 1 1 0 0 0 0
40 2 41 0 40 41 41 0 2 41 40 40 2 0 0 40 3 40 41 1 40 41 41 41 40 40 40 40 59 59 62 62 59 59 4 4 5 4 0 0 2 1 2 3 0 1 1 2 1 0 0 2 0 1 0 1 2 0 2 3 0 1 0 1 0 0 1 2 6 6 0 0 1 2 0 1 0 1 3 0 1 1 1 0 0 2 0 0 0 2 3 0 0 0 3 1 0 0 2 0 1 0 0 2 1 1 1 0 0 1 0 0 2 2 1 0 0 0 2 0 2 2 3 0 2 0 1 2 2 0 2 0
42 1 0 40 41 40 0 40 41 41 41 0 42 40 0 0 1 41 40 42 1 41 0 40 40 0 40 40 59 59 62 62 59 59 4 4 5 5 0 0 3 2 2 2 0 1 1 1 2 0 0 0 0 0 0 1 2 0 1 1 2 1 0 2 0 1 0 0 6 6 0 2 1 0 1 0 1 3 2 0 2 0 2 0 0 2 0 0 0 2 0 0 2 1 0 2 3 0 1 2 0 1 0 0 1 0 0 0 0 0 0 0 3 0 0 2 3 0 3 0 2 0 0 0 1 3 2 0 1 1 0 2
1 3 40 1 41 40 0 2 1 41 0 40 0 40 40 0 41 0 0 40 0 40 41 0 41 3 42 41 4 4 4 4 4 4 4 4 5 4 41 40 0 2 2 0 1 0 0 0 0 2 1 0 17 14 15 14 15 15 15 14 14 14 15 15 17 15 14 14 18 18 15 15 15 14 15 15 17 14 14 15 15 14 15 14 15 15 15 14 12 12 11 12 11 11 11 11 12 11 12 12 12 12 11 11 11 12 11 11 11 11 11 11 12 11 11 12 12 12 11 11 12 12 12 11 11 11 12 12 12 12 11 12
40 40 0 2 41 41 40 41 40 1 40 0 40 0 0 2 0 1 2 40 41 40 0 41 2 40 41 40 4 4 4 4 4 4 4 4 4 5 2 40 2 1 3 1 1 0 1 1 2 1 0 0 14 14 15 15 14 14 15 15 14 15 15 14 15 14 14 15 18 18 14 15 15 14 14 14 15 15 14 14 17 15 15 15 15 14 14 17 12 12 11 12 12 11 11 11 12 12 12 12 12 12 11 12 12 11 11 11 12 11 12 11 11 12 12 12 11 12 11 11 12 11 12 11 12 12 12 12 12 11 11 12
40 0 0 2 40 40 40 40 1 40 40 40 0 42 40 1 1 40 41 3 0 41 40 40 0 40 0 41 4 4 4 4 4 5 4 4 4 4 40 2 0 0 0 0 3 0 0 0 2 1 1 1 14 17 14 14 15 14 14 15 15 15 15 14 14 14 15 14 18 18 15 15 14 14 14 14 15 14 15 15 14 15 14 14 14 14 14 17 11 11 12 12 12 12 12 11 11 12 11 12 11 11 11 12 11 11 11 11 11 11 12 11 12 12 12 12 11 12 11 11 11 12 12 11 11 11 12 11 12 12 11 11
0 40 0 2 40 0 40 2 2 41 40 40 41 41 41 40 40 40 0 1 0 40 40 40 42 40 0 41 4 5 4 4 4 4 5 4 5 4 2 41 0 2 3 0 0 0 1 0 2 0 3 1 14 14 15 17 15 15 15 14 14 15 14 14 14 15 15 15 18 18 14 15 15 15 15 14 14 15 15 14 15 15 15 15 15 14 17 14 11 12 11 12 11 11 12 12 11 11 11 11 12 12 11 11 11 11 12 12 12 12 12 11 11 12 11 12 11 11 11 12 12 12 12 12 11 11 12 12 11 11 12 11
0 1 40 41 41 41 40 40 1 40 0 0 41 0 40 40 0 0 0 40 40 40 41 1 40 40 40 0 40 41 41 40 40 1 40 40 1 0 1 0 2 0 0 2 1 1 2 1 0 1 0 1 15 14 17 14 17 15 14 14 14 15 15 14 17 15 15 14 18 18 14 15 14 14 14 15 14 14 14 14 14 14 17 14 15 15 14 14 13 13 13 13 13 13 13 13 13 13 13 13 18 18 13 13 13 13 13 13 13 13 13 13 13 13 13 13 18 18 13 13 13 13 13 13 13 13 13 13 13 13 13 13
40 41 40 40 40 2 40 40 0 2 0 40 40 0 40 41 1 40 0 40 1 0 41 1 41 1 40 40 2 40 42 0 40 41 40 2 0 40 0 0 2 0 0 0 2 0 2 2 0 1 3 1 15 14 15 14 15 15 15 14 15 14 17 14 15 14 14 15 18 18 15 14 14 14 14 14 14 14 14 15 17 14 15 15 15 14 14 14 13 13 13 13 13 13 13 13 13 13 13 13 18 18 13 13 13 13 13 13 13 13 13 13 13 13 13 13 18 18 13 13 13 13 13 13 13 13 13 13 13 13 13 13
3 2 3 40 1 0 40 42 3 40 40 41 40 40 40 41 42 42 40 0 40 0 0 40 40 40 1 41 0 41 0 40 40 40 2 1 40 0 2 0 2 2 2 2 1 0 0 2 0 0 0 2 14 14 14 15 15 14 15 14 15 15 15 15 14 15 14 14 18 18 14 14 15 15 14 17 14 14 14 14 14 14 14 15 14 14 15 14 11 12 12 12 12 11 12 12 11 11 11 11 12 12 12 12 11 11 11 11 12 12 12 12 12 12 12 12 11 12 12 11 11 11 11 11 11 12 11 12 11 12 11 11
41 40 0 0 41 41 2 0 0 42 40 0 41 0 1 2 1 0 41 0 0 41 0 1 40 41 41 0 41 40 0 40 0 0 41 40 41 0 2 1 40 0 3 0 0 0 0 2 1 0 0 0 14 14 17 14 14 14 14 17 15 15 15 14 15 17 15 14 18 18 15 15 14 14 15 15 14 14 17 17 15 14 14 14 14 17 15 14 12 11 12 11 11 12 12 12 12 12 12 12 11 12 12 12 12 12 12 11 11 11 11 11 11 11 12 12 11 12 11 12 11 12 11 12 12 11 12 11 11 11 11 11
41 42 40 1 40 41 40 40 40 40 0 40 42 2 1 40 40 0 40 40 42 1 40 0 41 1 2 0 1 2 40 41 41 0 0 41 40 0 0 40 2 0 2 0 0 1 50 51 51 52 0 3 15 15 14 15 14 14 14 14 14 14 14 15 15 14 15 15 18 18 14 17 15 15 14 14 14 14 14 14 15 15 14 15 15 17 14 15 12 11 11 12 12 11 12 11 11 12 12 12 11 11 11 11 12 12 12 12 11 11 12 12 11 11 12 12 12 11 12 12 11 11 12 11 12 12 12 11 12 11 12 11
2 40 0 2 0 40 2 0 40 40 40 0 41 40 0 41 40 40 40 41 40 0 41 40 42 40 1 41 41 0 40 40 41 41 40 1 40 0 0 41 2 41 2 0 0 2 56 57 57 58 0 0 14 15 15 15 14 15 14 14 15 14 14 17 14 15 14 14 18 18 17 14 15 14 15 15 15 14 15 15 14 14 17 15 15 15 15 15 11 11 12 11 11 11 12 11 11 11 11 12 11 11 12 11 11 11 12 11 12 12 12 11 12 11 12 12 11 12 12 12 12 11 12 12 11 11 11 12 12 11 12 12
0 2 0 0 1 0 0 2 0 1 1 3 0 2 2 3 0 0 0 0 0 0 2 2 0 0 2 0 0 1 0 2 0 2 0 0 2 0 2 0 0 2 0 0 0 0 59 59 60 60 0 0 14 14 15 14 14 14 14 14 15 15 17 14 14 14 15 17 18 18 15 14 14 15 14 14 14 14 17 14 14 17 15 14 14 14 14 15 12 12 11 11 11 12 12 11 12 12 12 12 12 11 11 12 12 11 11 11 11 11 11 12 12 11 12 11 11 12 11 11 11 11 12 12 11 12 12 12 12 12 11 12
1 1 1 0 2 2 0 1 0 1 1 0 0 3 2 0 2 0 0 0 0 2 0 0 0 0 1 2 0 2 0 1 0 2 1 0 1 1 0 1 0 0 0 2 2 0 59 59 60 60 0 2 14 14 15 14 15 14 15 14 15 15 15 17 14 14 14 14 18 18 15 14 14 14 15 14 15 15 14 14 14 14 14 14 15 17 14 15 11 12 12 11 11 11 11 12 12 11 11 12 12 11 12 12 12 12 11 11 11 11 12 12 12 12 11 12 12 11 11 11 12 11 11 11 11 12 11 12 12 12 11 11
1 1 0 1 0 2 0 0 0 0 0 2 2 2 0 1 0 1 0 2 0 0 0 1 1 1 1 0 2 1 2 1 0 2 2 0 0 0 0 2 0 0 0 0 2 1 0 0 0 1 0 0 15 17 15 14 14 15 14 14 15 15 14 15 17 15 14 14 18 18 14 14 15 14 15 17 15 14 14 15 14 15 15 14 15 14 14 14 11 11 12 12 11 12 12 12 12 11 12 12 11 11 11 11 12 11 12 11 12 12 11 12 11 11 12 11 12 11 11 11 12 11 12 12 11 11 12 12 11 12 12 11
0 1 0 1 0 0 0 1 0 0 0 1 0 0 0 2 1 0 0 0 0 0 2 0 0 0 0 0 1 0 0 3 2 1 0 0 0 0 0 1 0 3 1 3 0 0 0 0 2 1 0 0 15 17 14 15 14 15 15 14 14 15 17 14 14 15 14 14 18 18 17 14 15 17 15 15 14 14 14 15 14 14 14 14 14 14 17 14 11 12 12 11 12 12 11 12 11 12 11 12 11 11 11 12 11 11 12 11 11 11 12 11 11 12 11 12 11 11 11 11 12 11 11 11 12 11 11 12 11 11 12 11
1 0 0 0 0 0 1 3 0 0 2 1 0 2 0 0 0 0 1 1 2 0 0 0 0 1 0 2 0 0 0 0 1 0 2 1 0 2 0 0 0 0 2 0 1 1 0 0 0 1 1 0 14 15 15 15 17 14 14 14 17 15 14 14 14 15 15 14 18 18 15 14 15 15 15 14 17 14 15 15 15 14 15 14 14 15 15 15 13 13 13 13 13 13 13 13 13 13 13 13 18 18 13 13 13 13 13 13 13 13 13 13 13 13 13 13 18 18 13 13 13 13 13 13 13 13 13 13 13 13 13 13
0 0 0 3 0 2 2 0 2 2 1 1 1 0 1 1 0 0 1 1 1 0 0 0 2 0 0 0 0 2 2 3 0 3 0 1 1 0 2 1 2 0 1 1 0 2 1 1 2 0 2 2 14 15 14 15 15 15 14 14 15 15 14 14 14 14 14 15 18 18 14 17 15 14 15 17 15 15 14 17 14 15 14 15 14 15 15 14 13 13 13 13 13 13 13 13 13 13 13 13 18 18 13 13 13 13 13 13 13 13 13 13 13 13 13 13 18 18 13 13 13 13 13 13 13 13 13 13 13 13 13 13
1 0 1 0 2 2 3 0 2 3 0 1 2 1 1 3 3 2 2 0 1 1 1 1 0 2 0 0 2 0 2 3 0 0 0 2 0 0 0 0 1 0 1 0 2 0 50 51 51 52 2 0 14 15 14 15 15 15 14 14 15 15 14 15 14 15 14 17 18 18 14 15 15 14 15 14 17 14 14 15 15 15 15 15 14 14 15 15 11 11 12 12 12 12 11 11 11 11 12 11 12 11 11 12 11 12 12 12 12 12 12 11 12 12 12 12 12 12 11 12 12 11 11 11 12 12 11 11 12 11 11 11
2 1 1 0 1 1 0 0 0 3 0 0 0 2 0 2 0 0 2 2 3 0 0 0 1 0 0 2 0 1 0 3 0 0 0 0 0 0 0 0 0 0 0 0 2 2 56 57 57 58 0 0 14 15 14 17 14 14 14 15 14 15 14 15 14 15 15 17 18 18 15 14 15 15 15 14 17 14 14 15 15 14 14 15 14 14 15 14 12 11 12 12 12 12 12 11 12 12 11 11 12 11 11 11 11 12 11 12 11 11 12 12 12 11 11 11 11 12 11 11 11 11 12 12 12 12 12 11 11 11 12 12
1 1 1 2 0 0 1 1 0 2 2 1 0 2 0 0 0 3 1 0 0 0 0 2 0 0 1 0 1 0 0 0 2 0 0 0 0 0 2 0 0 0 0 0 0 0 59 59 60 60 1 1 15 17 15 15 15 15 14 15 15 14 17 14 17 14 14 15 18 18 15 15 14 14 15 15 15 14 17 14 14 14 15 17 15 14 14 14 12 12 12 12 12 12 12 12 11 12 11 11 11 12 12 12 12 12 12 12 12 11 12 12 11 12 12 12 12 12 11 11 12 12 11 12 12 12 12 12 12 11 12 12
0 0 0 1 2 0 0 0 2 1 3 0 0 0 1 0 1 0 0 1 0 2 2 0 3 0 0 2 2 3 1 1 1 2 1 1 1 2 0 0 0 0 0 0 0 0 59 59 60 60 0 0 15 14 15 14 14 15 14 14 15 14 14 14 14 14 14 14 18 18 17 14 14 15 15 14 14 14 17 14 14 14 14 15 15 15 15 15 11 11 11 11 11 11 12 12 12 11 11 12 11 12 11 11 11 11 11 11 12 12 12 11 12 11 12 12 11 12 11 11 12 11 12 11 12 12 11 12 11 11 11 12
0 0 0 2 0 0 3 2 0 0 1 0 0 0 1 0 2 0 0 0 1 0 2 3 1 0 0 0 0 1 1 0 3 0 0 0 1 0 0 0 0 0 0 2 1 0 1 3 2 0 1 0 14 14 14 14 14 14 17 14 14 15 15 14 14 15 15 14 18 18 15 14 15 15 14 17 14 14 14 14 14 14 15 14 14 14 15 15 12 11 11 12 12 12 11 11 11 11 11 11 11 12 11 12 12 12 12 11 12 11 11 11 11 12 11 11 12 11 11 11 11 11 12 12 12 12 11 11 11 12 11 12
0 0 0 0 2 0 1 2 0 2 2 0 0 1 2 2 1 0 2 1 1 1 0 1 0 0 2 0 0 0 0 2 0 0 2 3 0 2 0 1 0 1 2 1 3 2 1 1 0 2 1 2 14 14 17 17 15 14 14 15 14 15 14 14 15 15 14 15 18 18 14 15 14 15 15 14 14 15 15 14 15 15 15 14 14 15 17 15 12 12 11 11 12 12 11 12 11 11 11 11 11 12 11 12 12 12 11 12 12 12 12 12 12 12 12 11 12 11 11 12 11 12 11 12 11 11 11 12 11 11 11 12
2 2 0 0 1 0 2 3 2 0 0 0 0 0 0 0 1 2 2 0 1 0 0 0 0 2 2 0 1 0 1 1 0 0 0 1 0 0 0 0 1 2 0 0 0 2 2 1 0 0 0 3 15 15 15 14 14 15 17 14 14 17 14 14 14 15 14 15 18 18 15 14 14 15 17 15 14 15 14 15 14 14 17 14 15 14 14 14 13 13 13 13 13 13 13 13 13 13 13 13 18 18 13 13 13 13 13 13 13 13 13 13 13 13 13 13 18 18 13 13 13 13 13 13 13 13 13 13 13 13 13 13
2 0 0 0 0 0 2 0 2 1 0 0 0 2 0 0 1 0 1 0 0 1 2 1 1 0 1 3 1 2 2 2 2 2 1 2 1 1 0 3 2 2 2 3 0 1 1 1 0 0 1 0 14 14 15 15 15 14 14 14 14 14 15 15 14 15 14 14 18 18 14 15 15 15 14 14 14 17 14 14 15 15 14 15 14 14 14 15 13 13 13 13 13 13 13 13 13 13 13 13 18 18 13 13 13 13 13 13 13 13 13 13 13 13 13 13 18 18 13 13 13 13 13 13 13 13 13 13 13 13 13 13
2 0 2 1 2 1 0 0 0 0 2 1 2 1 0 2 2 0 1 3 0 2 0 0 0 3 0 1 0 0 0 3 1 1 0 0 0 0 1 0 1 0 1 2 1 0 0 0 2 0 0 1 14 15 15 15 15 15 17 14 14 14 14 15 15 15 14 15 18 18 15 15 15 17 14 14 14 15 15 15 15 14 14 15 17 15 15 14 11 12 12 11 12 12 12 12 12 12 11 11 11 11 12 11 12 12 12 12 12 12 12 11 12 11 12 12 12 11 11 12 12 12 11 12 11 11 11 11 11 11 12 12
2 1 1 1 0 0 0 1 1 2 0 0 0 1 0 1 3 2 3 0 0 3 0 2 1 2 0 1 1 3 0 0 1 0 1 0 3 2 0 0 0 0 2 0 2 1 1 0 3 1 2 0 15 14 15 14 14 14 15 14 14 15 14 15 15 15 15 17 18 18 15 15 17 15 14 15 14 14 14 14 14 14 15 15 14 15 17 14 12 11 11 12 12 11 12 11 12 11 12 11 12 12 11 11 12 12 11 12 12 12 11 11 11 12 12 11 12 12 11 12 11 12 11 11 12 12 12 11 11 11 12 11
2 0 2 1 0 0 0 0 0 0 0 1 0 2 0 2 1 1 1 0 0 1 0 0 0 2 0 1 0 0 1 0 3 1 0 0 0 0 3 0 0 0 3 0 1 2 1 1 0 0 2 0 17 17 14 15 14 14 15 15 14 15 14 15 14 15 15 15 18 18 15 14 15 15 14 15 17 14 14 17 14 15 15 15 15 15 15 14 11 12 11 12 11 12 11 12 11 11 11 11 12 12 12 12 11 11 12 12 12 12 11 12 12 11 11 12 11 11 12 11 12 12 11 12 11 12 12 12 11 11 11 11
0 0 2 1 0 2 1 0 0 0 2 0 0 0 1 2 2 2 0 0 0 0 0 3 2 0 0 2 0 0 0 2 2 1 0 0 0 0 0 0 3 0 3 2 0 2 0 0 0 1 1 0 14 15 15 15 14 17 15 14 15 15 15 14 15 14 17 14 18 18 17 15 15 15 14 15 14 15 14 14 15 15 14 14 14 14 15 17 12 11 11 11 12 11 12 12 12 11 12 11 11 11 11 12 12 11 12 12 11 12 11 11 11 11 12 11 12 12 12 12 12 11 12 11 12 12 12 11 11 11 12 11
1 2 1 1 0 2 0 0 0 0 0 0 1 1 1 0 0 1 0 1 1 0 0 0 2 2 2 0 0 0 0 2 2 2 1 0 1 1 0 1 2 1 0 0 0 0 2 0 0 1 1 0 2 0 1 2 1 0 2 0 0 0 1 0 0 1 0 0 18 18 1 3 0 1 3 1 2 2 1 0 2 0 3 0 0 2 1 0 0 1 3 0 0 0 0 0 1 0 0 1 0 0 0 0 0 0 0 0 1 0 0 0 0 0 0 1 0 0 1 0 3 0 0 2 3 1 2 0 2 2 2 1
0 2 0 0 0 0 3 0 0 1 0 1 1 3 0 0 2 0 2 1 0 0 0 0 0 0 2 1 0 0 0 0 2 2 3 0 0 2 0 0 2 2 3 0 0 0 0 1 0 0 1 0 2 0 0 0 1 1 0 1 0 0 1 1 0 1 0 0 18 18 0 0 0 0 0 2 1 1 0 2 1 0 0 0 0 1 0 2 1 1 2 0 0 0 0 0 0 2 1 2 0 0 0 0 0 1 3 2 0 2 1 0 0 3 0 0 2 0 0 0 0 0 0 0 0 1 2 0 1 2 1 1
2 0 0 0 0 0 2 1 0 1 2 0 0 1 2 0 1 1 0 0 1 0 2 2 2 0 1 0 0 0 2 0 0 0 0 0 0 0 1 1 0 0 0 0 0 2 0 0 1 0 2 3 1 1 0 0 0 0 1 0 47 47 47 47 47 47 47 47 18 18 2 0 2 0 47 47 47 47 47 47 47 47 0 1 0 1 0 0 0 3 2 2 0 1 2 2 0 0 0 1 0 0 0 1 0 0 0 2 1 0 2 2 0 0 3 2 1 0 0 3 0 1 0 3 2 0 0 0 0 0 0 0
1 2 0 0 0 3 1 2 0 0 2 0 0 2 1 1 2 0 0 0 1 2 2 1 2 0 0 0 0 1 0 1 0 0 0 2 2 0 0 0 2 2 0 0 0 0 0 0 1 0 0 1 0 0 1 2 0 0 0 1 47 47 47 47 47 47 47 47 18 18 2 0 1 1 47 47 47 47 47 47 47 47 0 0 1 1 1 2 1 2 1 1 1 0 0 0 0 0 0 0 1 2 0 0 3 0 0 0 2 0 2 0 2 0 0 0 0 0 2 1 0 0 2 0 0 1 0 0 0 2 1 0
0 0 0 1 3 1 0 2 2 0 2 0 0 0 0 2 0 0 0 0 1 0 0 0 0 0 0 1 2 1 0 1 0 2 0 0 1 0 2 1 0 2 1 0 0 1 0 0 2 2 1 1 0 0 2 3 0 0 24 24 24 24 3 2 23 24 2 0 21 20 0 1 1 0 24 23 23 24 23 23 23 24 1 0 0 2 0 3 0 2 1 0 2 0 0 2 0 2 0 2 2 0 3 1 1 2 0 0 2 0 1 0 0 2 0 0 0 0 0 0 2 2 1 0 2 2 0 0 1 0 0 0
3 1 0 0 0 2 0 2 2 0 2 0 0 0 0 1 1 0 2 0 0 2 2 1 0 0 0 2 0 0 0 0 0 2 0 1 2 1 0 1 0 2 0 1 2 2 1 0 2 2 2 0 0 2 2 0 0 0 24 23 23 24 0 0 24 24 0 1 21 21 0 1 0 0 23 23 23 23 24 24 23 24 0 1 0 0 1 1 0 0 0 0 0 0 1 0 0 0 1 1 0 0 3 0 2 1 1 0 0 0 0 0 0 1 2 0 3 2 1 1 3 1 3 2 2 2 0 0 0 1 2 0
0 1 0 0 3 2 3 0 0 0 0 0 0 0 1 0 2 0 0 3 0 0 0 0 1 0 0 0 0 0 2 0 1 0 0 0 2 0 0 2 2 1 0 0 2 0 0 1 1 2 1 1 0 0 1 1 0 1 23 23 23 23 24 25 26 26 23 24 20 20 24 23 1 0 24 24 23 24 23 23 23 27 23 26 23 23 0 3 0 0 1 0 2 0 0 0 0 0 0 0 0 0 2 2 3 0 0 0 1 0 0 1 0 0 1 2 2 1 1 0 0 0 2 0 2 2 0 2 0 0 2 2
0 1 0 1 1 3 1 0 2 2 2 3 0 0 0 0 1 0 1 0 0 0 0 0 1 1 0 1 1 1 0 1 1 1 0 2 0 0 2 0 0 2 0 1 2 0 0 0 1 2 3 0 0 0 0 2 1 2 24 24 23 24 25 25 26 24 23 23 21 20 23 24 2 2 24 23 23 23 24 24 27 27 26 26 24 24 3 1 2 0 0 2 0 1 1 0 1 3 0 2 0 2 0 1 2 0 0 2 0 0 1 0 0 1 0 0 1 0 0 0 2 0 0 0 1 1 0 0 2 1 2 2
0 0 0 2 1 1 1 1 2 0 0 0 2 0 0 0 2 1 3 0 0 1 0 0 0 0 1 0 2 2 3 2 1 0 1 2 0 0 0 3 0 3 1 0 0 2 0 1 0 3 1 0 23 23 23 23 24 27 25 25 24 23 24 24 23 23 25 25 21 20 24 23 24 23 26 26 25 25 24 24 27 27 27 24 23 23 1 0 0 0 0 2 0 0 0 0 0 1 2 1 1 0 1 2 1 1 0 2 2 0 2 2 0 1 0 2 0 1 0 0 2 2 0 2 1 1 3 0 0 0 0 1
2 0 0 0 1 0 0 2 3 0 0 1 0 2 0 2 0 1 2 0 1 2 0 0 2 0 1 0 2 0 3 0 0 0 0 2 2 2 0 2 1 0 1 1 0 2 1 1 0 0 0 0 23 24 23 24 27 27 25 23 24 23 23 24 23 24 25 24 20 21 23 24 24 23 23 26 23 25 24 23 23 27 27 27 24 24 0 1 0 3 2 2 0 2 0 0 1 2 0 0 2 0 0 0 0 0 0 3 1 1 1 0 1 1 1 1 0 0 1 0 1 3 0 0 2 0 0 0 1 1 2 2
0 1 0 2 0 0 0 2 1 0 0 0 0 0 2 0 1 1 1 0 1 0 0 0 0 0 2 0 0 0 2 0 1 2 0 1 0 2 2 0 0 0 2 2 0 2 0 1 0 1 3 0 0 1 1 0 24 23 23 24 23 23 23 23 24 24 24 27 20 21 24 23 24 23 23 23 24 23 23 25 23 24 24 24 24 23 24 24 23 24 2 2 0 1 1 0 0 0 3 0 0 2 2 0 2 1 0 2 0 2 0 1 0 0 1 1 0 0 0 2 0 0 0 1 0 0 0 0 0 0 3 2
0 1 2 0 0 0 1 1 0 2 1 1 2 1 0 2 0 0 2 0 2 0 0 0 2 2 3 1 1 0 0 0 0 0 0 3 0 1 0 1 0 2 2 2 0 2 3 1 1 3 1 0 1 2 0 0 23 23 24 23 24 24 23 23 23 24 27 27 20 21 23 24 23 24 24 24 23 24 25 25 24 24 24 23 24 23 24 24 24 24 0 0 2 0 1 1 1 1 0 2 2 0 1 3 0 1 0 2 1 3 2 1 0 1 0 3 0 0 0 0 1 2 0 0 0 0 0 0 2 1 2 3
0 0 0 1 2 2 0 0 2 0 2 0 0 0 0 2 0 0 2 2 2 0 2 3 1 1 0 1 0 1 2 0 1 0 0 0 1 2 2 0 0 2 0 2 1 0 1 2 0 0 1 0 1 0 20 20 2 2 20 20 20 20 21 20 20 20 23 23 20 20 20 21 20 21 21 20 20 20 22 22 22 22 22 22 21 21 21 21 21 20 21 21 0 0 0 0 0 0 1 2 3 0 0 0 0 0 0 2 0 0 1 0 0 1 1 2 1 1 0 2 0 0 2 0 1 2 0 1 0 0 1 2
0 0 0 0 0 3 1 2 1 0 0 0 1 0 0 0 0 0 1 0 0 0 0 0 0 2 0 0 1 0 1 0 0 2 0 0 2 3 1 0 0 2 1 0 0 0 2 0 3 0 0 0 1 1 20 20 0 0 20 21 20 20 20 20 20 20 23 23 20 20 20 21 20 21 20 20 20 20 22 22 22 22 22 22 20 21 20 21 20 20 20 20 0 0 0 0 0 0 2 3 0 0 2 0 0 0 3 2 0 2 0 0 0 0 0 0 2 0 3 0 1 0 1 1 1 2 0 0 0 3 2 0
0 1 0 3 0 0 0 1 2 0 0 0 2 1 2 2 0 2 2 0 1 1 0 0 0 0 1 2 0 0 0 3 2 0 0 0 0 0 0 1 0 0 1 1 1 0 2 0 1 0 2 1 20 20 20 20 21 20 22 22 20 21 20 20 21 21 20 20 21 20 20 21 20 21 20 21 20 20 20 20 20 20 20 20 20 20 20 21 21 21 20 20 20 21 0 0 0 0 0 1 1 1 0 0 0 0 0 2 1 0 2 2 0 3 2 0 0 0 0 0 1 0 0 0 0 0 2 1 2 0 0 0
0 1 0 0 0 3 0 0 0 0 0 0 0 0 0 2 2 0 0 1 0 1 0 2 2 0 2 0 1 0 0 0 1 3 0 0 0 1 1 3 0 1 1 1 2 1 0 0 0 0 0 0 20 20 21 20 20 20 22 22 20 20 20 20 20 20 21 21 21 20 21 20 21 20 20 20 20 21 20 20 20 20 21 20 21 20 20 20 20 21 20 21 20 21 1 0 3 2 2 3 0 0 0 1 1 2 3 1 0 0 3 0 2 0 0 1 0 2 0 0 2 3 0 0 2 0 0 0 0 0 0 2
1 2 2 0 0 0 0 0 0 2 2 0 0 1 0 0 0 0 2 0 0 1 0 2 2 0 0 1 0 1 1 0 0 0 0 2 0 0 0 0 2 0 0 0 0 0 2 1 0 0 0 2 20 20 20 21 20 21 21 20 21 21 22 22 21 20 28 28 28 28 28 28 20 20 22 22 22 22 20 21 20 21 20 20 20 20 20 21 20 20 20 20 21 20 3 0 0 1 1 2 3 0 1 0 0 1 0 2 0 1 1 0 0 0 0 1 0 0 1 0 0 2 1 2 0 0 0 1 1 1 0 2
0 0 1 0 0 1 0 0 0 0 0 0 0 1 1 2 0 0 0 2 0 2 0 0 1 0 2 2 0 1 0 0 2 2 1 2 2 2 0 0 0 0 0 0 2 0 3 1 2 0 1 0 20 31 20 20 20 31 20 20 20 21 22 22 21 20 28 28 28 28 28 28 21 20 22 22 22 22 21 20 20 31 20 20 20 20 20 20 20 21 20 20 21 20 0 1 0 0 0 0 1 1 0 0 0 0 0 0 0 2 0 0 0 0 1 0 2 1 2 0 0 1 1 0 1 0 0 2 3 1 0 2
3 0 1 1 0 1 0 3 2 2 0 0 1 2 2 2 0 0 1 2 2 2 0 0 1 1 0 2 2 1 0 0 1 0 0 0 2 0 2 0 0 1 1 2 2 0 2 0 0 0 0 0 21 21 20 20 20 20 20 20 20 20 20 21 20 20 28 28 28 28 28 28 20 20 20 20 20 21 20 20 20 20 21 20 22 22 20 21 21 20 20 20 2 0 0 1 1 0 0 0 0 2 2 1 0 2 0 1 1 1 0 0 3 0 0 1 0 0 3 0 1 2 0 2 0 0 0 1 0 0 2 1
0 0 3 0 1 0 2 0 0 0 1 0 0 0 0 0 1 2 0 0 0 2 2 0 0 1 2 3 2 0 2 0 0 0 3 0 0 0 2 0 0 0 0 0 0 2 0 0 2 1 2 0 20 20 20 21 20 20 20 21 20 20 20 20 20 20 28 28 28 28 28 28 21 20 20 20 20 20 21 20 20 21 21 30 22 22 21 20 20 20 20 20 2 1 1 0 2 0 0 0 1 0 0 3 1 2 0 0 0 2 0 0 0 0 2 0 0 0 0 2 0 2 1 0 2 0 1 0 1 2 1 0
0 0 3 0 0 0 0 1 1 0 1 1 0 0 2 1 1 0 1 0 0 0 0 0 2 0 0 0 2 1 3 0 0 1 1 0 0 1 1 0 0 2 1 0 0 0 0 2 1 0 2 0 21 21 20 21 21 20 21 21 20 21 20 21 20 20 20 20 21 20 20 20 21 20 21 20 20 21 20 20 21 21 20 20 22 22 20 20 20 21 20 20 2 0 0 0 3 0 0 0 1 2 0 3 1 2 0 2 0 2 0 0 2 1 0 0 1 0 0 2 2 0 0 0 0 0 0 0 0 0 0 0
0 0 0 2 0 1 0 1 2 1 0 0 2 3 0 0 0 1 0 1 1 3 1 1 2 0 0 0 2 1 2 0 1 0 0 0 1 0 0 2 0 2 2 1 2 1 0 0 1 1 0 0 20 21 21 21 21 20 21 31 21 20 20 20 21 21 20 20 20 20 20 20 21 20 21 20 20 20 20 32 20 20 20 21 22 31 20 20 21 20 21 20 0 0 0 0 0 0 1 2 1 2 2 0 1 0 1 2 0 0 3 0 0 1 1 0 0 0 0 2 0 1 1 0 0 1 1 0 0 0 0 0
0 1 0 0 0 0 1 0 1 0 0 2 0 1 0 0 0 1 0 0 0 0 0 2 0 1 1 2 0 0 0 0 0 2 2 0 0 1 0 0 3 0 0 1 0 0 0 0 0 0 0 0 21 20 20 21 20 20 20 21 20 20 20 20 20 20 20 20 20 20 21 21 21 21 20 20 20 20 20 20 20 20 20 20 21 20 21 20 20 20 20 20 2 0 3 1 2 0 0 0 3 1 2 2 1 0 0 2 2 0 2 1 0 0 0 0 1 0 0 1 2 0 1 1 1 0 0 0 1 0 0 0
2 0 0 0 0 3 0 0 0 0 1 0 1 0 1 0 2 0 1 0 0 2 0 2 0 0 0 0 1 0 0 3 2 2 0 0 0 1 1 0 0 0 0 0 0 1 1 0 0 0 3 0 20 20 20 20 20 20 20 20 20 21 20 20 20 20 20 20 20 20 20 20 20 20 20 29 20 21 20 20 20 32 20 20 21 20 20 20 21 20 20 21 0 0 0 1 0 0 2 2 2 2 1 0 0 2 0 2 1 0 1 0 3 1 3 2 0 0 1 0 0 2 2 0 0 0 0 0 0 2 2 0
0 3 1 0 2 2 1 0 2 0 2 2 0 2 0 3 1 1 2 0 0 1 1 3 0 2 0 1 0 1 0 1 3 0 0 1 0 0 2 0 2 1 1 0 2 0 0 3 1 0 0 0 2 1 0 0 21 21 22 22 21 20 21 20 21 21 20 20 20 20 21 20 21 20 20 20 20 21 20 21 20 20 21 20 21 20 21 20 20 20 20 20 2 1 1 0 0 1 0 0 1 0 0 0 1 1 0 0 0 0 0 0 2 0 2 0 0 0 0 2 2 1 1 3 0 2 0 1 0 0 0 1
0 0 0 3 1 3 2 3 0 1 2 0 2 0 0 0 0 0 0 2 1 0 0 2 0 0 0 2 0 0 0 3 0 0 1 0 0 0 0 2 0 2 0 1 0 0 0 0 0 3 0 2 0 0 0 2 20 31 22 22 20 31 20 20 21 29 20 20 20 20 20 21 20 31 20 21 20 20 20 21 21 20 21 31 20 21 20 20 20 20 20 20 0 0 1 0 1 2 0 0 3 2 2 3 2 0 1 0 2 0 0 1 0 0 2 1 1 1 1 1 0 0 0 0 1 0 1 0 0 1 1 3
0 0 3 0 0 0 2 2 2 0 0 0 1 2 2 0 0 1 0 0 2 0 0 2 3 0 1 0 0 2 0 0 0 0 0 0 0 0 0 1 1 1 1 0 1 0 0 0 0 0 2 3 0 0 0 2 2 2 21 21 20 20 20 20 21 21 21 20 20 20 21 20 20 20 20 20 20 20 20 20 20 20 21 21 20 20 20 20 20 20 0 0 0 0 0 0 2 2 1 0 0 1 3 0 0 0 0 0 2 0 2 2 0 1 0 0 0 0 0 2 0 2 0 2 3 3 1 1 0 0 1 0
2 1 1 0 0 0 0 0 1 1 1 0 1 0 0 1 2 0 0 1 0 0 0 2 0 0 0 1 0 0 0 0 1 1 0 2 1 0 1 0 0 0 0 0 0 0 3 3 0 3 1 1 0 2 0 0 0 0 20 20 20 21 20 21 20 20 20 20 20 20 20 21 21 20 20 20 20 20 20 20 20 31 20 31 20 20 20 21 20 20 0 1 2 0 1 1 0 0 2 2 0 2 0 0 0 0 2 3 0 2 2 0 2 0 1 0 0 2 1 0 0 0 3 2 1 1 0 2 2 0 3 1
1 0 2 0 2 1 0 3 1 2 0 0 1 0 1 1 1 0 0 2 0 1 0 1 0 2 0 1 2 0 0 0 1 0 0 0 0 0 1 2 0 2 0 0 0 0 0 0 2 2 0 0 3 1 0 0 0 0 0 0 0 0 3 0 2 0 2 1 0 0 0 0 0 1 0 2 0 0 0 2 0 0 0 1 1 1 2 0 0 2 1 0 0 0 1 0 0 1 2 0 1 1 0 0 1 0 0 0 1 1 0 2 0 3 2 3 2 0 0 1 1 0 2 0 2 3 0 2 2 0 1 2
0 1 0 0 0 1 0 0 0 0 0 0 0 0 1 1 0 2 2 2 0 0 0 3 0 3 0 0 3 1 2 1 2 1 0 0 2 0 0 0 2 0 0 2 2 0 0 2 2 2 0 0 0 0 0 0 3 0 0 2 2 3 0 1 1 2 1 2 1 1 0 0 0 0 1 0 0 0 1 0 0 2 0 0 0 0 2 0 0 0 0 0 0 2 0 0 2 0 0 0 2 1 0 0 0 2 2 2 0 0 0 1 2 0 0 0 2 0 2 2 0 1 3 2 2 0 0 2 2 0 2 1
0 0 0 0 0 0 0 1 0 0 0 1 0 0 0 0 0 1 1 0 2 0 0 0 2 0 2 0 3 3 0 0 2 0 0 1 1 0 2 0 0 0 0 0 1 1 1 1 0 0 1 0 2 0 0 1 0 0 0 0 0 0 0 0 0 0 0 2 1 0 1 3 0 0 1 0 0 2 3 2 0 0 2 0 1 0 0 0 3 3 1 0 1 0 0 0 0 0 0 0 2 0 2 1 0 0 0 0 0 0 0 1 0 0 0 1 0 0 0 1 2 1 0 0 0 0 1 3 1 0 1 0
2 0 0 0 0 0 0 0 0 0 3 3 0 2 2 0 0 2 0 0 2 0 1 1 2 1 0 0 0 1 2 0 1 0 1 0 0 0 2 3 0 0 0 0 1 0 3 0 0 2 0 2 2 2 0 0 0 1 1 0 0 0 1 0 1 0 0 2 0 0 0 0 0 1 2 1 2 0 0 1 2 0 1 0 2 2 1 0 0 1 0 0 0 0 0 0 0 1 0 0 3 0 1 0 0 0 2 2 0 0 0 1 2 2 2 3 2 1 1 1 0 0 2 1 0 2 0 0 0 0 0 1